4294967278,97
4294967278,96
4294967278,93
4294967278,89
4294967278,44
4294967278,43
4294967278,42
4294967278,41
4294967278,40
4294967278,39
4294967278,38
4294967278,37
4294967278,36
4294967278,35
4294967278,34
4294967278,33
4294967278,32
4294967278,31
4294967278,30
4294967278,29
4294967278,28
4294967278,27
4294967278,26
4294967278,25
4294967278,24
4294967278,23
4294967278,22
4294967278,21
4294967278,20
4294967278,19
4294967278,18
4294967278,17
4294967278,16
4294967278,15
4294967278,14
4294967278,13
4294967278,12
4294967278,11
4294967278,10
4294967278,9
4294967278,8
4294967278,7
4294967278,6
4294967278,5
4294967278,4
4294967279,132
4294967279,131
4294967279,130
4294967279,129
4294967279,128
4294967279,127
4294967279,126
4294967279,125
4294967279,124
4294967279,123
4294967279,122
4294967279,121
4294967279,120
4294967279,119
4294967279,118
4294967279,112
4294967279,108
4294967279,106
4294967279,105
4294967279,103
4294967279,101
4294967279,99
4294967279,98
4294967279,97
4294967279,94
4294967279,93
4294967279,90
4294967278,530
4294967279,334
4294967279,117
4294967279,116
4294967279,243
4294967279,115
4294967279,242
4294967278,529
4294967279,114
4294967279,240
4294967278,528
4294967279,113
4294967279,238
4294967278,527
4294967278,238
4294967279,111
4294967279,235
4294967279,110
4294967279,233
4294967278,526
4294967279,333
4294967279,109
4294967278,231
4294967279,230
4294967278,525
4294967279,107
4294967279,229
4294967278,228
4294967279,226
4294967278,226
4294967279,224
4294967278,224
4294967279,104
4294967279,223
4294967278,223
4294967279,220
4294967279,102
4294967279,219
4294967278,219
4294967279,216
4294967278,216
4294967279,100
4294967279,215
4294967278,215
4294967279,212
4294967278,212
4294967294,908
4294967278,210
4294967279,208
4294967279,207
4294967279,332
4294967279,96
4,3
4294967278,524
4294967279,95
4294967279,309
4294967279,205
4294967278,206
4294967279,204
4294967279,203
4294967279,331
4294967279,92
4294967278,309
4294967279,91
4294967279,306
4294967278,203
4294967279,201
4294967279,200
4294967279,330
4294967279,89
4294967278,523
4294967278,87
4294967279,329
4294967279,87
4294967279,328
4294967278,522
4294967278,85
4294967279,327
4294967279,305
4294967279,194
4294967279,193
4294967279,190
21,6
4294967279,192
21,5
21,4
4294967279,191
21,3
21,2
21,1
21,0
4294967279,326
4294967279,325
4294967278,521
4294967279,324
4294967278,520
4294967279,323
4294967279,186
4294967278,519
4294967279,185
4294967279,322
4294967279,184
4294967279,183
4294967279,182
20,6
20,5
4294967279,181
20,4
20,3
20,2
20,1
20,0
4294967278,518
4294967279,180
0,7
4294967279,179
4294967294,318
4294967294,183
4294967294,80
4294967294,88
4294967294,86
4294967294,85
4294967294,83
4294967294,82
4294967294,184
4294967294,940
4294967294,52
4294967294,438
4294967294,44
4294967294,429
4294967294,37
4294967278,517
4294967279,321
4294967278,516
4294967294,452
4294967294,409
4294967294,116
4294967294,114
4294967294,158
4294967294,108
4294967294,111
4294967294,105
4294967294,110
4294967294,157
4294967294,384
4294967294,191
12,7
12,1
4,5
4,1
12,5
4294967279,175
4,4
4294967294,35
4294967294,470
4294967294,38
4294967294,41
4294967294,96
4294967294,74
4294967294,40
4294967294,419
4294967294,415
4294967279,173
4294967278,132
4294967278,131
4294967278,130
4294967278,129
4294967278,128
4294967278,127
4294967278,126
4294967278,125
4294967278,124
4294967278,123
4294967278,122
4294967278,121
4294967278,120
4294967278,119
4294967278,118
4294967278,117
4294967278,116
4294967278,115
4294967278,114
4294967278,113
4294967278,112
4294967278,111
4294967278,110
4294967278,109
4294967278,108
4294967278,107
4294967278,106
4294967278,105
4294967278,104
4294967278,103
4294967278,102
4294967278,101
4294967278,100
4294967278,99
4294967278,98
4294967278,95
4294967278,94
4294967278,92
4294967278,91
4294967278,90
4294967278,86
4294967279,86
4294967279,85
4294967279,84
4294967279,83
4294967279,82
4294967279,81
4294967279,80
4294967279,79
4294967279,78
4294967279,77
4294967279,76
4294967279,75
4294967279,74
4294967279,73
